0.0 84641.22874253837 -1433.1622878867634 131.84168470378967 -3070.2043316113077 3390.7950411505544 734652.5613435272 -8595.27260890603 -275451.61688175634
1.3222460949327797 84296.06593849021 -1449.887024135922 132.02300101722125 -3063.6569986296204 3391.990073807346 732775.2422829767 -8423.458447701529 -279445.53797027626
2.9968164082383737 83853.89439838007 -1471.2600039439615 132.24156136282573 -3054.8821258800344 3393.2872900445936 730329.029749768 -8202.18879885015 -284568.3752056388
5.076816410175525 83307.71894949861 -1497.7248657229648 132.50218981690682 -3043.7003219860917 3394.8266897986687 727240.7399810695 -7926.847997761569 -290910.7315972954
7.116816412075423 82775.44243009738 -1523.5869854122614 132.7458719003986 -3032.4269688454883 3396.255598450396 724158.4685027163 -7656.288085901318 -297108.2075947765
9.15681641397532 82246.56014834694 -1549.350939567751 132.9774735617496 -3020.847115056391 3397.6004230866906 721023.5394541188 -7385.243580048297 -303282.3677602105
11.196816415875219 81721.1011197666 -1575.0108694777553 133.1967403465975 -3008.9568065113804 3398.8559360560134 717836.1590875898 -7113.739396936389 -309432.58289014944
13.196816417737864 81209.29392015329 -1600.0606389241602 133.3995338193839 -2996.993905604362 3399.9944050082363 714660.5684863636 -6847.13705671649 -315438.34496157616
15.236816419637762 80690.68961290643 -1625.4955039340157 133.59363516480883 -2984.4750489181056 3401.0548672847044 711369.9720989119 -6574.797925789801 -321539.2474901059
17.27681642153766 80175.57987968298 -1650.8056491422335 133.77402256258128 -2971.631488395408 3402.006537791424 708027.6169134636 -6302.07690671329 -327614.2746510034
19.276816423400305 79673.9825865879 -1675.4905828797205 133.93707179620495 -2958.720284894871 3402.8272887069 704700.8051955999 -6034.360391615519 -333544.4209903205
21.436816425411962 79136.0734704386 -1701.9972632969245 134.0987912201641 -2944.4161798470795 3403.5810274212954 701052.5586981531 -5744.875740705862 -339919.5895037957
23.436816427274607 78641.56535368785 -1726.3796726773396 134.23772234807953 -2930.8229684591747 3404.1342236731157 697623.6645584602 -5476.535661847983 -345794.617513938
25.476816429174505 78140.72364381677 -1751.0550718625302 134.3875860645598 -2916.573907148372 3404.5054330757753 694076.152826029 -5202.538534227616 -351758.74326580926
27.47681643103715 77653.23248408735 -1775.0456856658388 134.55454860584837 -2902.234976592109 3404.682066229684 690549.5397585658 -4933.594335558274 -357577.3241959214
29.67681643308606 77121.07293307874 -1801.1991767122224 134.70783431659638 -2886.017179848861 3404.6379891550623 686615.1041907655 -4637.390784661895 -363944.16508645087
31.636816434911452 76650.55904105073 -1824.271612343438 134.7833977050805 -2871.110982735499 3404.3225104392586 683061.6438032264 -4373.279454840177 -369585.9251248897
33.67681643681135 76164.41326244676 -1848.0633229601024 134.8227429165584 -2855.1940729944226 3403.7697354757065 679315.351532588 -4098.274673432077 -375426.49577766296
35.71681643871125 75681.91603624728 -1871.670838051152 134.81406522148816 -2838.9798546699326 3403.106400542651 675520.7195937478 -3823.2344937565176 -381234.2785521977
37.876816440722905 75175.0125104402 -1896.4514813254893 134.73836555408104 -2821.448137990482 3402.2422376344375 671450.6092559156 -3532.1091698348896 -387347.2648092833
39.87681644258555 74709.27242424712 -1919.1536495035791 134.62765595150321 -2804.7991809124383 3401.201814270507 667634.5092716536 -3262.739960445545 -392973.2476106421
41.91681644448545 74237.75627086591 -1942.0359472509635 134.48612370700664 -2787.362234861464 3399.849756418154 663695.5882188372 -2988.2439265810335 -398676.98681066564
43.956816446385346 73769.74802891619 -1964.5794464078595 134.36281280868496 -2769.3551609606925 3398.0808957783356 659710.3187966313 -2714.028466568431 -404344.59596668556
45.95681644824799 73314.22504434525 -1986.2737566993592 134.29308186929717 -2751.0293254056924 3395.803353793125 655758.9693983432 -2445.3799851317217 -409864.71527357306
47.99681645014789 72852.85428252025 -2008.0394630964026 134.19400214597866 -2731.785990026882 3393.064280391928 651684.2762386033 -2171.512161367347 -415456.88465945463
49.996816452010535 72403.65609871747 -2029.0852746402968 134.1065603623675 -2712.549700685258 3390.1471206987458 647646.6996247416 -1903.2375589399444 -420900.864939287
51.99681645387318 71957.50872028805 -2049.9921613545116 134.19078645267712 -2693.181996341532 3387.285682401455 643567.1645185504 -1634.9548392369024 -426306.2595668287
54.03681645577308 71505.48861504998 -2071.0273301014536 134.2204848034934 -2673.0166510473514 3384.108059348052 639363.2570367788 -1361.1514925657343 -431779.44807631033
56.03681645763572 71065.18140481412 -2091.3421669992304 134.17127518873605 -2652.818933991113 3380.7044069389676 635200.4216808344 -1092.7587429020875 -437104.9578186674
58.03681645949837 70627.58673787431 -2111.238549574143 134.1838089918884 -2632.109440124802 3376.8822325626934 630997.3652034987 -824.4243229421965 -442389.5600850207
60.076816461398266 70184.0044402096 -2130.9873457992267 134.22876685212367 -2610.397474913576 3372.432268681203 626669.7985370806 -550.6174485235305 -447736.5979205597
62.07681646326091 69751.75876077928 -2149.6631141717266 134.0187369202857 -2588.2145864877893 3367.1749690184433 622388.6656625753 -282.3349967824972 -452934.91724200454
64.07681646512356 69321.90650403919 -2167.8145806553807 133.72038734427244 -2565.400347448799 3361.336064838502 618070.753470242 -14.600356843374403 -458088.1348807962
66.11681646702345 68885.88777133147 -2185.989931508884 133.3609500477034 -2542.020417493461 3355.324861561019 613629.4713772753 257.83055393337804 -463297.21971382416
68.1168164688861 68460.9318281312 -2203.401085538526 132.93757212162998 -2518.901097416732 3349.255362076944 609239.6477485087 524.1259511641709 -468357.7485741215
70.156816470786 68030.03738553612 -2220.65685965193 132.5113108665593 -2494.8468084108754 3342.6242285462895 604726.6820926915 794.8698007296987 -473471.37872694316
72.1968164726859 67601.47199977643 -2237.3400286002047 132.1198201896676 -2470.039060219951 3335.301936778134 600179.0787997397 1064.7806188099366 -478535.2227679306
74.15681647451129 67191.49571552477 -2252.90339491679 131.8563421987514 -2445.620551623058 3327.7649683123213 595778.2893833974 1323.4325542360375 -483352.1175332648
76.15681647637393 66774.64518232539 -2268.45278307606 131.8579477399658 -2420.3952005772258 3319.8761233523437 591256.562266697 1587.1130123196606 -488217.6923702527
78.15681647823658 66359.01300251402 -2283.530709319973 131.9253580689683 -2394.701382027876 3311.572362125766 586704.1819507555 1850.899527022384 -493032.36593820376
80.23681648017373 65927.72164632205 -2298.4763238670016 131.86074195137414 -2367.175343552402 3302.105354734698 581938.44203576 2125.297744729281 -497984.34471056843
82.19681648199912 65521.83357724175 -2311.4777647821397 131.39859391571437 -2340.1016037847526 3291.8491100901383 577420.2652330438 2383.3360162847844 -502597.0898155867
84.23681648389902 65099.60898683721 -2324.190799470133 130.79119023693573 -2311.191880610295 3280.3318607702117 572691.5236632357 2650.741773121005 -507340.9149321045
86.55681648605969 64619.36104764708 -2338.2575398986505 130.51709068562607 -2278.242972042091 3267.2425795329477 567282.7564986944 2953.7324940846165 -512663.94151774363
87.79681648721453 64362.61222272145 -2345.524097526982 130.52678243606985 -2260.6037483355503 3260.191687616177 564378.640884745 3115.5787435924353 -515477.6870497139
89.83681648911443 63940.08552667091 -2356.773465371074 130.48149689341062 -2231.0965325687703 3247.95294389391 559581.8925715256 3381.8423308150723 -520058.7687204363
91.75681649090257 63542.058994672145 -2366.338665545864 130.05180815797783 -2202.4265287688368 3235.2982501598344 555047.3343656559 3632.019021919896 -524314.5438620101
93.75681649276521 63126.77242522838 -2375.388134826922 129.24139470339784 -2171.994133514213 3221.293318715568 550305.3290299538 3891.339363144229 -528688.3515941517
95.79681649466511 62702.54539859528 -2383.8272530356217 128.15493410304836 -2140.759576766063 3206.5413805166977 545450.6063792491 4153.899293342781 -533086.8164555059
97.79681649652775 62285.85142888641 -2391.1115698326344 126.99951534076433 -2109.2968310513993 3191.030638801162 540675.3178374992 4409.024853468399 -537336.4685835338
99.83681649842765 61859.17486875993 -2397.077289243223 125.88263647464242 -2075.6614915814466 3173.3573067660627 535791.011142334 4666.9348402701 -541604.6661818747
101.8368165002903 61438.648549360805 -2402.0714155419314 124.86408523790612 -2042.385257475768 3155.4517370893627 530991.6911355485 4917.630359079171 -545721.9588410738
103.8768165021902 61007.715848512365 -2406.2474521981794 124.09637521200261 -2008.4198035790166 3136.746215261822 526086.8654945191 5171.5126882125915 -549853.2613267265
105.9168165040901 60574.587938145036 -2409.0447709156456 123.49619383771744 -1973.3362009764758 3116.537145655846 521174.99010044814 5424.049513671156 -553914.1749386361
107.87681650591549 60155.417204275844 -2410.2575902790745 122.80402264675251 -1938.2052863556096 3095.329095836652 516451.8325726064 5665.411978610112 -557746.9552086464
109.87681650777813 59723.879418139695 -2410.5066800061168 122.29531638850983 -1901.9148445952667 3072.910456693542 511630.8665853422 5910.463336191666 -561586.4098590985
111.79681650956627 59305.850723760086 -2409.3307743758055 121.72392233177138 -1866.4641592795674 3050.144250932623 507003.6093176729 6144.767873602293 -565203.465054811
113.51681651116814 58928.11876880925 -2406.94312550921 120.86826683707301 -1834.008310773751 3028.460141945314 502861.50309207605 6353.422063153374 -568385.2849907615
115.43681651295628 58502.76980244357 -2403.0687170456404 119.46180006890563 -1797.4702717515281 3003.3164599072134 498243.76672146213 6584.210003567478 -571870.8323562382
117.47681651485618 58046.28222669184 -2397.598813509258 117.40653883637009 -1757.7658357882433 2975.231940432019 493346.86802545685 6825.835161383611 -575496.691373227
119.51681651675608 57583.74013937102 -2390.040388768289 115.13835254102406 -1716.2762034091486 2944.682309954345 488463.31864384655 7063.029455407859 -579039.5696996105
121.55681651865598 57114.324480393785 -2381.049239526514 112.45829196341407 -1674.4193890791157 2913.02637114826 483596.7363269237 7295.191193216147 -582497.2765024786
123.59681652055588 56637.90183482645 -2369.952822461923 109.81436768969675 -1631.6284999089455 2879.400482350699 478750.4681536602 7521.779827722647 -585868.864647954
125.59681652241852 56163.70051901811 -2356.593049602429 107.55268743402164 -1588.6560818431667 2844.1038181448366 474023.8524347768 7739.083891777109 -589088.3090726077
127.59681652428117 55682.90896230715 -2341.114625168172 105.32166892915347 -1545.3668031169861 2807.146041498081 469326.0597503717 7951.9162654137335 -592221.6439515132
129.63681652618106 55185.314343328006 -2322.479973268438 103.01491616445685 -1499.3183925269384 2766.3117939514514 464569.0886302311 8164.3958206556645 -595326.6024040848
131.6368165280437 54689.661898924736 -2302.0030275254835 100.34987863435924 -1453.6487493772274 2724.405021916602 459944.7001472695 8367.814482060663 -598278.6460039715
133.6768165299436 54176.14602713275 -2278.6038404123865 97.06789145851593 -1405.9385572629976 2679.201534766102 455272.4457165919 8569.187128904088 -601194.8340093431
135.67681653180625 53663.53225490439 -2253.152641682953 93.3004168757937 -1357.523080444958 2632.1608439555575 450740.80751606496 8759.597359044175 -603957.5429985228
137.71681653370615 53129.90061147977 -2224.574414728307 88.98851005580525 -1306.7667692611437 2581.5285531697978 446173.5875658785 8945.477444085956 -606674.3404718449
139.7168165355688 52595.46230189828 -2193.4188771207305 84.61720768591971 -1255.9341092277868 2528.9556993090887 441755.66498413176 9119.014317496754 -609236.1659567765
141.71681653743144 52050.12289357104 -2159.0471250350065 80.09279420397127 -1204.445191166531 2473.577886853274 437403.3836016152 9283.69174422988 -611695.5782296384
143.75681653933134 51483.145278026466 -2120.9460225910584 75.17939040302866 -1151.3261133779502 2414.459730629645 433037.96388965414 9441.97715883884 -614097.621339303
145.79681654123124 50904.99260869948 -2079.522012626022 70.12112534800758 -1096.9143700345767 2352.1373064522836 428753.8714412672 9590.183283080127 -616389.855556849
147.83681654313114 50314.97698442347 -2035.421505227075 64.58940790718901 -1041.7156758653405 2287.418642246809 424556.97327090637 9727.475030284917 -618570.3818998432
149.83681654499378 49724.17003342253 -1989.1521098691553 59.0627535802862 -986.5576835785396 2221.1507351112514 420532.7708414403 9851.11084241764 -620597.675951091
151.83681654685643 49121.536155645386 -1934.2840346759158 52.76246542673192 -928.2677636288944 2146.140639742101 416608.0653088803 9962.987276978465 -622512.2767755704
153.83681654871907 48510.83356616483 -1861.4713974719816 44.76312376517535 -862.9507022768565 2052.25812592267 412810.1985246099 10060.66841520973 -624303.604755752
155.87681655061897 47885.94121470454 -1763.6048570319035 34.76529811556958 -786.869886784779 1931.4955180968648 409110.5158314353 10141.89701127655 -625986.5085029821
157.8768165524816 47277.38462017896 -1647.5079849273761 23.592910959031713 -704.5730847766149 1791.999558492864 405699.0619101616 10200.197280195682 -627477.2638952227
159.87681655434426 46676.424311943 -1520.4673511211718 11.937768920750159 -618.8457971184516 1641.6252912170332 402532.670558212 10235.49737218468 -628799.1462701637
161.8768165562069 46083.39742531767 -1392.1529088213802 0.7353049728058068 -533.9973291251094 1491.0544623607764 399623.07738117815 10247.803281764669 -629949.8507548037
163.9168165581068 45484.5156285133 -1266.6930693667407 -9.450875250967442 -451.3299606138254 1344.7302273587893 396914.8437122151 10238.443651535685 -630952.4103721145
166.1168165601557 44841.90842878225 -1140.666434550298 -18.39866279967015 -368.08134300698356 1198.7252816105656 394271.10921134974 10207.198892598819 -631850.9112787994
168.1568165620556 44246.43997526413 -1032.4222433058637 -24.442503768335257 -296.7551830370383 1074.503030764699 392058.05007155443 10162.992146078088 -632526.6495418068
170.1968165639555 43650.50364652311 -931.4750208431965 -28.176551705720783 -231.18938826374225 960.1500746063721 390058.0966865339 10108.858458320374 -633062.8434552732
172.2368165658554 43054.504509273334 -838.467136108393 -29.808747939002103 -171.71531041691475 856.3888413676808 388256.093259732 10049.353407981553 -633471.5567523877
174.2768165677553 42458.54968019598 -754.3654481491366 -29.632430790937633 -118.45408146400538 764.1836688462457 386634.6103267564 9988.437495008637 -633765.4196996753
176.27681656961795 41874.32310324628 -680.4095451957013 -27.883616307241823 -72.09457590634412 684.7862974146797 385202.671407097 9930.709086094645 -633954.0947401343
178.31681657151785 41278.88341255055 -612.9351723506346 -24.639554754551 -30.57195695005072 614.1915643467927 383886.1015754795 9876.96405669784 -634057.0081558605
180.35681657341775 40685.110948911286 -552.7110057343036 -20.168068833014786 5.317590418146516 553.1044057211385 382699.5225124818 9831.173427977626 -634081.1123816483
182.39681657531764 40094.71246145968 -499.13150399755716 -14.887640619494448 35.87882309779781 500.6407794746266 381628.79889155616 9795.423034234314 -634037.611626928
184.43681657721754 39509.448720435146 -451.74359373617773 -9.240701366864016 61.54535900847023 456.0104124457136 380660.8975523702 9770.900241731846 -633936.9332432777
186.4368165790802 38941.89774086501 -411.2665556334632 -3.7603808172154345 82.46191639962719 419.46905476185253 379799.6733532229 9758.048940693448 -633791.8560840989
188.43681658094283 38381.35823976819 -375.4890344571408 1.3341685171876065 99.55720184484764 388.4654829484389 379014.10402500525 9755.812190896553 -633608.8409062986
190.676816583029 37766.13202605094 -337.41143445910336 6.210566525141758 113.93500220927554 356.18286310368813 378216.6767694701 9764.561304146138 -633368.5059431642
192.7168165849289 37223.319721444976 -304.3174187907875 9.601836297029195 122.97874207397436 328.36726030750935 377563.1290506921 9780.940909301251 -633126.0853238374
194.71681658679154 36710.96735102218 -274.60909375894363 11.876422814387524 129.01013483065472 303.63599701451426 376985.3635577529 9802.634623991258 -632873.5998862144
196.75681658869144 36208.91126245796 -248.29771673701558 13.22552980208252 133.3971866461685 282.1727842660835 376453.26973173075 9828.41653088884 -632605.6425286117
198.79681659059133 35725.289614842855 -226.40090129562753 13.794949035377556 136.9212570518142 264.94357768968496 375970.2563092708 9856.102200411231 -632329.7600137135
200.79681659245398 35265.57371871499 -208.94530240331275 13.813436533954643 140.08122660107634 251.93590548262767 375535.87661182834 9883.783148466217 -632052.6719380046
202.83681659435388 34807.691163812065 -194.60817499400954 13.462216301957653 143.22493765310537 242.00610696425755 375125.0726295009 9911.649323870097 -631763.628334114
204.83681659621652 34366.52304171724 -183.319437204484 12.87091496080393 146.280663512654 234.88233017108652 374747.80446768244 9938.002561599238 -631474.0765194705
206.87681659811642 33921.19988655357 -174.64234003716504 12.119332267959521 149.83667439236115 230.42971627209985 374383.32853986433 9963.499663452816 -631172.0681627053
208.87681659997907 33485.688238973846 -168.35317065089174 11.236266860660749 153.69474100482483 228.2347851965437 374040.7455644491 9986.864872833681 -630868.4791927742
210.91681660187896 33040.47338522435 -163.32569760141135 10.148166224415093 157.53063072165406 227.1434973541355 373702.7129781082 10008.690849491764 -630550.9051941126
212.9168166037416 32602.356483340496 -159.19158511089773 8.86591383495005 160.93746591676089 226.542342916192 373380.3788506053 10027.715898509983 -630232.2987027726
214.9568166056415 32153.899283422274 -155.51929612689977 7.330349170934369 163.89838540465465 226.05898837477548 373059.5337312937 10044.245208136277 -629900.8093869289
216.95681660750415 31713.102873070166 -152.34596682368328 5.597274157661559 166.27671334450054 225.58494738365863 372751.78468875046 10057.173872527366 -629570.5085065414
218.99681660940405 31262.841348486836 -149.30700953071505 3.6507692225916912 168.27474689906143 224.9940035975733 372444.1795808098 10066.5915320448 -629229.163316805
220.9968166112667 30821.244060625555 -146.4711397218366 1.6008315989110429 169.92028016568517 224.34183525327325 372148.4884699846 10071.83028395484 -628890.8900076048
223.43681661353912 30282.68476633646 -143.1796304424886 -1.2043101589696334 171.6582830121288 223.5361784214777 371795.1824910872 10072.341621542033 -628474.0964273757
225.43681661540177 29841.699509181664 -140.20785074280695 -3.913399141725961 173.0259632362987 222.73648119831805 371511.783315539 10067.254813504524 -628129.4067154303
227.47681661730167 29392.597237937385 -136.60796358873057 -7.285352794977257 174.68285626750318 221.8758940375912 371229.3993592351 10055.868034515403 -627774.7792600129
229.4768166191643 28953.057034452213 -132.43524297867353 -10.342775434939028 176.61171295774574 220.99267802437944 370960.32569536235 10037.947069147755 -627423.4899479783
231.5168166210642 28505.650364073226 -127.78930994127475 -11.599063683663644 178.7944342343464 220.0729327445447 370694.9358010789 10015.254319580297 -627060.955461851
233.51681662292685 28067.989950805088 -122.6195863338685 -11.871423269372599 181.26721778730703 219.16728288565477 370444.5081331948 9991.660104626904 -626700.9104136634
235.55681662482675 27622.823955654865 -117.17126436873906 -10.968420391864072 183.61718194348094 218.09328495973227 370200.0877391281 9968.134641755949 -626328.5920911703
237.59681662672665 27179.27548581746 -111.87507020954969 -8.735382454550859 185.91169425362966 217.1531632311029 369966.59840930835 9947.870985454287 -625951.639202567
239.5968166285893 26746.026917286683 -107.47514756624273 -5.888518310665461 187.47664280106514 216.1783374629356 369747.53084659117 9933.303423207597 -625578.0371432593
241.6368166304892 26306.260931906058 -103.33584858373929 -2.9094660971989583 188.67931594678518 215.14331702760148 369532.51114737167 9924.34247749009 -625194.3820128209
243.63681663235184 25877.437811810058 -99.48829713974405 -0.22735227686251847 189.5344080899645 214.05902178333199 369329.93641439977 9921.39037365674 -624815.9879559957
245.67681663425174 25442.728988488205 -96.14878159378739 2.369892778855501 190.0306570820629 212.98322756685252 369130.42301436415 9923.487242961728 -624428.8656431895
247.67681663611438 25019.200391502585 -93.34604492890887 5.7978239121928254 190.09960947412566 211.86070987373225 368941.21238997165 9931.62143078435 -624048.5442914735
249.71681663801428 24590.25799286447 -91.78118730200161 10.415444502906098 189.31910200914555 210.65134752074925 368752.59347858455 9947.961578605313 -623661.4505013231
251.71681663987692 24172.89671394974 -91.41719433804025 15.399382098637432 187.65907678181205 209.30879935698087 368569.59013434337 9974.010749480973 -623284.3337296745
253.75681664177682 23750.96889156918 -91.58600429113375 20.463106646720234 185.2863219343803 207.69630716895628 368382.92724008614 10010.561528425578 -622903.9031402806
255.75681664363947 23341.766067405697 -91.78385039480463 25.045983935304037 182.4279866692824 205.7463166736923 368199.57314759574 10056.350598043644 -622536.147291136
257.79681664553937 22929.86636985792 -92.34347490273367 29.81747459701188 178.71820524104874 203.3632120936254 368011.8696973927 10112.307764718575 -622167.6596248324
259.83681664743926 22524.829515994992 -93.71540472048866 34.02660296397539 173.58858283138096 200.18337313723188 367822.20939563547 10177.618171449196 -621808.1437475606
261.87681664933916 22128.34595267626 -95.80245922183732 38.04135618049696 167.13472801989187 196.36515292507084 367628.89097791206 10251.365917384685 -621460.5828558446
263.91681665123906 21741.757754874066 -97.86011892259549 41.33846605608949 160.04020291304974 192.08940158130832 367431.3461410223 10332.339072383671 -621126.8900388912
265.95681665313896 21365.959928929457 -99.92449879283538 43.86776922625546 152.62267311253234 187.62453726499172 367229.5273056566 10419.669052038827 -620808.1450141387
267.9568166550016 21008.126114965067 -102.3958182544926 45.074483811898176 145.12814360805797 183.24516570441156 367027.2935516701 10508.773868372555 -620510.4748380425
269.9968166569015 20653.668122948613 -105.06565712275034 44.677497238644094 137.6521136508174 178.83784682969636 366815.62086631474 10600.564477072663 -620222.2486337365
272.3568166590994 20256.233525378397 -108.11043591415371 43.09992381276254 129.3168740161489 173.97794024393667 366563.8431982988 10704.420519499145 -619907.5787350878
274.3968166609993 19922.990681985277 -110.41167530734486 40.74920137134694 122.65925243039678 169.989786938395 366340.96116720256 10789.984816083379 -619650.6991130186
276.4368166628992 19598.66374856059 -112.48956365134896 37.33560426171141 116.53304160262226 166.21612154426086 366113.48929644417 10869.77521557678 -619406.9726848893
278.4768166647991 19282.516848716536 -114.5094967231905 33.090743704434715 110.76933714339525 162.7183708433013 365881.83343816584 10941.651900817888 -619175.3412869667
280.47681666666176 18979.91779995768 -115.89043259785913 28.36772550850219 105.80981915308203 159.47111979117906 365651.39103441476 11003.055190846175 -618958.8962206607
282.51681666856166 18678.309146702406 -116.87858089500494 23.21895997458347 101.23581878552551 156.359885455021 365413.7790275482 11055.65392280395 -618747.9734521224
284.5168166704243 18389.009903919185 -117.4582780958693 17.698146097214135 97.22678836621807 153.501530430593 365179.4147529549 11096.540824966773 -618549.6191682138
286.51681667228695 18105.64450414735 -117.38331936806688 11.817107529849352 93.87760992443879 150.76966983237276 364944.4725873796 11125.978108177156 -618358.6832961694
288.55681667418685 17822.357486594934 -116.89520161963421 5.676573173923657 90.81127538603789 148.13304621836633 364705.37509340106 11143.681982910013 -618170.4818554978
290.59681667608675 17544.598785421345 -115.73270149813125 -0.4027258552362696 88.31424278273484 145.580307261861 364468.09114644653 11148.970263545041 -617987.8334111922
292.5968166779494 17277.475964202662 -113.99128619265599 -6.3488961982478145 86.35208472406889 143.1467930027945 364238.24627106957 11142.065608503563 -617813.3470984007
294.6368166798493 17010.033736606594 -111.70130024985346 -12.443200613765782 84.73001880590162 140.75222842239756 364007.9987893497 11122.76364273415 -617638.9312740013
296.6768166817492 16747.50982399308 -108.7195116300873 -18.142539281149652 83.66162087202665 138.37756591148533 363783.1664330834 11091.419985513376 -617467.2307592684
298.7168166836491 16489.80366487929 -105.28555314312877 -23.524104109617724 82.8873243832598 136.04682913699406 363564.8133313422 11048.675272267648 -617297.4907107687
300.756816685549 16236.733205315075 -101.34645603016733 -28.541896077831325 82.50740935397991 133.76552836922363 363354.0802384605 10995.47013149132 -617128.811516098
302.75681668741163 15992.993634612067 -96.9918739243735 -32.890801781616915 82.59316973809271 131.57074194738195 363155.75765106303 10933.844113225548 -616963.7863534971
305.1568166896468 15705.915328744915 -91.42265481931017 -37.56835963495848 82.99124652116761 129.06211860576877 362929.67380095803 10848.94075576071 -616765.1981068361
307.1968166915467 15466.286527668242 -86.42995923494723 -40.89454205597377 83.62881693168622 127.02865993434685 362748.3433702241 10768.840072682626 -616595.2307821868
309.2368166934466 15230.514216656215 -81.22486025240838 -43.49680198149423 84.56797619541254 125.06475244219872 362577.4068832691 10682.564708165228 -616423.7140925733
311.2768166953465 14998.35773518018 -75.88127517405096 -45.72762083880457 85.63648760731891 123.21765798511186 362417.249565773 10591.36812608064 -616250.1210567042
313.27681669720914 14774.070286312257 -70.61585629805884 -47.14849765063627 86.86688050703573 121.47195116751757 362270.8478685017 10498.46834929929 -616077.5815598371
315.31681669910904 14548.586279527983 -65.27450282935337 -48.02460059447168 88.17952768900066 119.76122947487231 362132.3780212951 10401.152643219617 -615899.0493306563
317.3168167009717 14330.535966911004 -60.025006286600075 -48.47134322675845 89.52176550957925 118.18045098012063 362007.16855849983 10304.62223379492 -615721.316252451
319.3568167028716 14111.097252264735 -54.848053293262 -48.10012170512874 90.96445428206323 116.60387043722982 361890.116964472 10206.052246279087 -615537.1954316167
321.3968167047715 13894.543144647614 -49.738716374440216 -47.4081655011405 92.35283645367824 115.11090506029555 361783.62768127996 10108.450286050274 -615350.1805527423
323.3968167066341 13684.868092002464 -44.961090963771 -46.16277521924633 93.68293416292714 113.70573279290052 361688.9763107544 10014.954082096016 -615164.1049781033
325.436816708534 13473.66831215599 -40.405924192952824 -44.284536017830135 94.96082401081996 112.30011993321763 361602.105806149 9922.560368007633 -614971.6540191964
327.4768167104339 13264.989224822377 -35.88640774100479 -42.193071993918466 96.17756604005076 110.98744881393554 361524.4244241822 9834.317652728003 -614776.643664148
329.5968167124083 13050.695954018738 -31.74941382336094 -39.34699927985673 97.29236201289473 109.64495125861578 361452.75925850245 9747.977450741393 -614571.5375450976
331.596816714271 12850.922335114446 -28.121640830254847 -36.37838000888064 98.18609475764515 108.4191976488189 361393.177614773 9672.136527979965 -614375.9910856743
333.63681671617087 12649.342511730385 -24.5830644774015 -33.11383957365621 99.00361582236714 107.25003205739746 361339.4146794133 9601.343469033807 -614174.8342167155
335.67681671807077 12449.978960686829 -21.80693931071935 -29.350907038491755 99.56715984428206 106.06902311957245 361292.22063027555 9537.660559371441 -613972.2606634452
337.71681671997067 12252.753234896692 -19.005198274735136 -25.542391764320712 100.02343177800213 104.96808202092996 361250.88651194295 9481.649934583282 -613768.5881499181
339.75681672187056 12057.492213402875 -16.802945042720083 -21.467786801447915 100.26285339720732 103.90305387047573 361214.195438206 9433.822619160559 -613564.3244371042
341.79681672377046 11864.292322560446 -15.240955608582944 -17.23606863375346 100.21850480405497 102.82566554596497 361181.8542869274 9394.373611772957 -613359.7513386406
343.83681672567036 11672.945504138479 -13.48702212893238 -12.927861450091427 100.13097450195082 101.85892902583159 361152.6196423402 9363.680560814375 -613155.3540289497
345.836816727533 11487.107738903956 -12.87946660389364 -8.667483867037618 99.67484730194019 100.87656378590253 361126.1198925177 9342.154924812461 -612955.5890530784
347.8768167294329 11299.423455927987 -12.24394525308172 -4.335227048045738 99.07265337458506 99.92046354776008 361100.9844137123 9329.054501812616 -612752.7377387111
349.9168167313328 11113.3219773022 -11.85210447760739 0.05869169813610142 98.34060356502184 99.05225961479293 361076.08468783123 9324.680263770355 -612551.4411852108
351.9568167332327 10928.985579966451 -12.631753710816916 4.056374980621229 97.1958653480244 98.09715398800027 361051.3187086907 9329.034595997233 -612351.97142655
354.1568167352816 10732.01782094047 -12.910066586483921 8.627069850973612 95.95233493336099 97.20054903468866 361023.6447268259 9343.307567698856 -612139.3891163021
356.1968167371815 10550.828742071055 -13.987635719465324 12.49714589142053 94.55267215803343 96.39523027970036 360995.67711133946 9364.594486874019 -611945.1819428485
358.2368167390814 10371.355380768771 -15.800188752668433 15.72300847577958 92.86524683032384 95.50294775035144 360965.7914920512 9393.860167065026 -611753.9663207661
360.2768167409813 10193.20694599126 -16.84433593023728 19.745034153539223 91.18403543643018 94.80572949525396 360932.4443510514 9430.105193997935 -611566.2146677469
362.3168167428812 10016.368668464245 -19.4166629327731 22.212811805636306 89.24539962995154 93.99551671684823 360895.0754539064 9472.529709881306 -611382.2531535955
364.3568167447811 9841.151423907373 -21.58129568295255 24.98926728797062 87.17128188874581 93.21506417458419 360853.88075081934 9521.676865175863 -611202.3189350375
366.35681674664374 9670.223066336359 -23.797326657980378 27.978183067571365 85.01058932801463 92.60611093078855 360807.97970873676 9573.892178637116 -611030.0875358555
368.39681674854364 9497.37918576703 -27.162542555319412 28.616697717493366 82.86438364291325 91.77813019910484 360756.21816879266 9632.201992515451 -610858.9876631086
370.3968167504063 9329.043731951155 -29.469441679290483 31.77730713879197 80.25745783109348 91.21131936000032 360699.66989959264 9693.10377030293 -610695.9015379973
372.4368167523062 9158.112909575924 -32.94179654503664 31.842975923229005 78.07929810052869 90.52907746759134 360635.64533026284 9756.652092544435 -610534.1662533233
374.4768167542061 8988.902589673642 -35.97553260794191 32.28294877130793 75.62010270764873 89.74869169693409 360565.56474504125 9824.007432011189 -610377.9373415908
376.516816756106 8819.979017746053 -39.19649158927907 33.72599555110156 72.77928042479705 89.27839261530526 360488.6729930574 9889.891606818206 -610226.0805164163
378.5568167580059 8652.645607738988 -42.10326080103026 30.977666406893945 71.30740989768898 88.41406614568413 360405.6349381826 9957.0248001922 -610079.6735581193
380.15926793043036 8521.46513923502 -44.671969418411805 33.010214786837935 68.46669597373734 88.1643215226708 360336.0009654299 10008.156144545956 -609967.5973212644
381.1792679313803 8438.65793766547 -45.55813533815621 30.66604821642113 68.24849824319449 87.6002723805865 360289.8335259828 10041.152039446566 -609898.1416466694
382.17926793231163 8356.691293871612 -46.08442387270846 27.328165757151737 68.78631502944083 87.19036588212771 360244.1320443004 10069.71122067818 -609829.4584097934
383.31926793337334 8263.267985920887 -47.73976454391128 29.09179388664097 66.9857682141016 87.24970334324486 360190.5385284846 10101.810815987386 -609752.0694109161
384.3392679343233 8180.505371383391 -48.77524061318576 29.438567719644936 65.77730183984671 87.01900254305716 360141.2247512704 10132.077405581458 -609684.5638772317
385.35926793527324 8097.371436390793 -48.01958555692657 24.64087755879956 67.36039121630424 86.31613840262028 360091.8009136606 10159.717029559642 -609616.7341041106
386.3792679362232 8013.433746503899 -48.93128606291127 24.055806815394874 66.97071270072423 86.35988048250762 360042.5874306511 10183.892582000424 -609547.9029031559
387.39926793717314 7929.772159583052 -49.665402914963465 25.475496197505095 66.20895739316553 86.59837869328021 359992.1950386568 10209.234125019748 -609480.0680578072
388.4192679381231 7846.669321212452 -50.051551376416285 26.78758152113022 65.14300100842257 86.40800251898305 359941.2946217162 10236.131651465665 -609413.1548498034
389.43926793907303 7763.554260294186 -48.96232608834876 22.056428081497188 66.65974641304108 85.59974992689521 359890.7744748784 10261.294609239047 -609346.0306098489
390.43926794000436 7681.303368509049 -48.03461518591493 20.943540294332422 67.52316786112135 85.47124858173319 359842.26315758156 10281.913187867463 -609278.7991093885
391.4392679409357 7599.380350063206 -47.2434021826472 23.478862319201312 67.3489404250129 85.5515973081 359794.67936412443 10304.38747564171 -609211.3683868778
392.4592679418856 7516.532482704031 -46.221597176415656 25.74744617109684 67.05306673642002 85.41358667466882 359746.9915105697 10329.682091137018 -609142.8760999667
393.4792679428356 7433.752638715203 -45.76847346835914 20.688517698473277 68.12545077760758 84.63950006844422 359700.10728329525 10353.683970380813 -609074.0089850512
394.4992679437855 7350.0510066240095 -45.26368750278631 16.11866459024617 69.19462707642954 84.24078092449585 359653.70533960056 10372.044057367708 -609003.8814298653
395.49926794471685 7267.832879476133 -45.205245727950114 19.04039279766687 68.8851645968029 84.5648668227085 359608.40475608327 10389.557971888267 -608934.8403072075
396.5192679456668 7184.049305447028 -44.57671254886959 19.180838447142264 69.60883680434927 84.85504125539299 359562.60280142364 10409.119966839567 -608864.2414202286
397.53926794661675 7100.083205448347 -44.524692553585005 21.031265243226414 69.38932384095025 85.0860777555675 359516.412141619 10429.762699977657 -608791.7343812941
398.5592679475667 7016.809109002817 -44.52573662475271 21.093205146387618 68.75295916509816 84.58388687736036 359471.75425757293 10451.65732849373 -608722.9165332507
399.6992679486284 6923.546207455569 -43.42263394379535 15.150937532959517 69.92894983267801 83.69667897500884 359421.634724034 10472.164396655366 -608643.8387494587
400.6992679495597 6841.424303220236 -44.87284693564645 14.89734317676448 69.03176839590066 83.67131093571747 359377.8710446135 10486.378797249898 -608574.0552916848
401.7192679505097 6757.804792070761 -46.714258528428616 16.333302587866285 68.03256789909295 84.12745698184605 359330.99185357237 10502.645161830302 -608504.3363630528
402.7392679514596 6673.96917994658 -47.82788920769946 16.56302871786619 67.53425111602618 84.39618463044 359282.77162985527 10519.328117945468 -608435.1505809443
403.73926795239095 6592.1655682295095 -49.39980254927151 18.796103710316913 65.46858891262396 84.14136997224462 359234.1846944853 10536.952786762342 -608368.5245106443
404.7592679533409 6509.513583056047 -48.20013529504734 15.3266981193824 65.9766919497144 83.13293329560227 359184.1112605308 10554.849923702672 -608301.785419406
405.7592679542722 6428.317470877315 -46.62393616196196 10.895605070751344 67.04609206805974 82.3874025242405 359136.77351038414 10567.85964214669 -608235.2061331781
406.77926795522217 6345.485166678904 -44.90476552306184 12.644027612045363 67.85256553793795 82.34245594476457 359089.99588830327 10578.908960629582 -608166.429485788
407.7992679561721 6262.693717069225 -43.47195110225948 13.128168122388786 69.21245549555698 82.77996935618785 359045.1353595814 10592.624778323974 -608096.5216241712
408.81926795712207 6178.938924347982 -43.79905986508863 10.708011699884707 70.43539888137451 83.63112204920378 359000.6788709749 10604.648522867252 -608025.2854776712
409.839267958072 6094.292853355641 -43.256141100970765 8.399047571722292 71.21268131090922 83.74296222697323 358956.22757145925 10614.574274375918 -607953.0474475152
410.83926795900334 6010.970884767361 -43.069077945685656 7.2416970109022145 71.74430702579616 83.9918641375518 358913.17905195366 10622.188107700584 -607881.5592138625
411.99926796008367 5913.690562036238 -43.151818924174094 5.4166359312108625 72.0952650527753 84.1970704021578 358863.0631777812 10629.433528944417 -607798.0384572065
413.0192679610336 5827.990063320496 -43.41668756461565 3.922374185135425 72.29722928143312 84.42323815220415 358819.00915739057 10634.144494238593 -607724.4319549863
414.03926796198357 5742.108243854367 -43.5126729278085 4.602426483568081 71.90853879605302 84.1746576271181 358774.62584681116 10638.46891339066 -607650.815992326
415.0592679629335 5656.371839377098 -43.83001217994921 4.134798285974284 72.06756194481457 84.4505773173273 358729.9606748913 10643.315902616321 -607577.5261300413
416.07926796388347 5570.643343679025 -43.850000235276525 2.489452197011076 71.45753227696548 83.87609201666776 358685.29924587364 10646.591792404724 -607504.2707146321
417.0992679648334 5485.34754914802 -43.54216177544395 1.1909095519263246 71.4065700561805 83.64350760715392 358640.67266383086 10648.418138620387 -607431.5226500204
418.09926796576474 5401.759142118157 -43.878679068944834 0.706271710179351 71.00336085092434 83.47044116746139 358596.9148727983 10649.376108291082 -607360.2598400805
419.09926796669606 5318.3219296740135 -44.340551840789864 0.19748227774829274 71.04780043496295 83.74911034418288 358552.85561528767 10649.855920010412 -607289.3589951145
420.119267967646 5232.727984143305 -43.94517414770833 -0.21231551727737497 71.60235362827345 84.01262080104163 358507.8047047955 10649.819928085406 -607216.5477992215
421.13926796859596 5146.923420041567 -43.97777971832054 -0.8887827083073603 71.57647919602988 84.01206709607501 358462.9940245296 10649.288157657385 -607143.358841596
422.1392679695273 5063.165883708163 -44.010754912181 -1.6839540038209861 71.31665566833303 83.82032942396866 358419.0580300171 10648.037413588541 -607072.0435220777
423.15926797047723 4977.523568259436 -43.552864346553456 -1.547628625032587 71.706114702643 83.91075040123823 358374.3541302191 10646.35529660322 -606999.0001285691
424.779267971986 4841.994504399132 -42.74137527094891 -2.4330655907256187 71.27782230430518 83.14609383888674 358304.4034663841 10643.341567507761 -606882.9466658421
426.71926797379274 4691.271814044449 -32.86716018461964 -1.0818665869890651 55.103042053478006 64.16982076849565 358227.7783198602 10637.887107363718 -606753.2305384155
427.7392679747427 4630.9973145053955 -28.250499728430018 -2.680397694942485 48.89580884655004 56.53384286838671 358197.18289521395 10636.174606791514 -606701.320529386
428.75926797569264 4575.469945255201 -26.284612587837266 -0.516945113950328 44.813659391618536 51.955867418526765 358169.27340309694 10634.497167252848 -606653.3375070761
429.7792679766426 4523.8256618822925 -25.549259763832243 -2.0234670931145615 43.86972351421279 50.80759524687396 358143.1520012634 10633.242509691263 -606608.8012496885
430.79926797759254 4471.9896724822465 -24.714046499251328 -0.28864780343894836 42.99869102171695 49.595915572783504 358116.7383537616 10631.948472069222 -606563.0636749243
431.85926797857974 4420.275693628122 -24.90691213493261 -1.5060498163244915 42.35348704071393 49.157301824392555 358091.218926322 10631.14088435903 -606519.2351274977
432.8792679795297 4369.329233213561 -24.151046731801838 -0.41118114979070697 42.905527835986994 49.237449640129356 358065.75341605686 10629.985758090526 -606475.1203452798
433.89926798047964 4320.003735152306 -24.58703219233569 -1.0748679188642427 41.59056088616829 48.32651702632859 358041.2220549728 10629.387129680224 -606432.3268923862
434.9192679814296 4269.58918052807 -24.081997524015993 -0.9536632579072375 42.84438876820975 49.157845022719336 358015.8178816549 10628.266248755777 -606388.7930590282
436.01926798245404 4216.5884830266 -24.516771804772475 -0.8271649494480471 41.53250823693355 48.23593620975792 357989.61340660526 10627.342580521428 -606342.7246840997
437.039267983404 4166.042374778772 -24.817661905744767 -1.395700491145078 42.8320913089491 49.52224114705423 357963.9155272634 10626.31370721309 -606299.2098552865
438.05926798435394 4116.600356993033 -24.379998893839872 -0.9164038873556706 41.65108599773113 48.27045791101207 357939.186535844 10624.975228810188 -606256.4107221753
439.0792679853039 4065.8930927420733 -25.798476713232834 -0.9042843250277883 43.03906526166462 50.18705280708894 357913.2761321547 10624.203777025576 -606212.8296884954
440.09926798625384 4016.2183766831877 -24.399845549746196 -1.3864167700050416 41.20352369922425 47.906210239844214 357887.72744568036 10622.980095603216 -606170.2422381524
441.09926798718516 3963.6902176379226 -28.64700688621515 2.7379380901762147 48.81057523610351 56.66232931502037 357861.0967345438 10623.317024287924 -606124.9522369009
442.1192679881351 3902.885237036273 -30.867788105937983 5.407168436632958 53.98969080382897 62.425511821275926 357830.50820492674 10628.279442766312 -606072.3050254931
443.13926798908506 3837.382121191127 -27.07503616741401 4.615873859752696 60.56954769266364 66.50589434516147 357800.69710922515 10633.483042682581 -606013.738010736
444.159267990035 3769.8285797508433 -24.50483695863774 5.379981971448842 62.39731687191146 67.25218504402856 357774.0618828789 10638.169088365674 -605950.9234430171
445.17926799098495 3704.2120354429353 -18.37767978082049 3.711839346502643 59.558867232396736 62.44017562008362 357751.9406506798 10643.408903186475 -605887.6833572503
446.1992679919349 3649.8487389129587 -14.109964003198968 1.889281916314701 44.91118896678625 47.1134308317837 357735.405792814 10645.991317510216 -605834.2611155408
447.21926799288485 3610.805002196459 -11.116654250932797 0.5065144325745337 29.57731136224987 31.601485819889287 357722.532467404 10647.020381102306 -605796.4968848454
448.2392679938348 3585.845714334864 -8.088099283041167 -0.16072151370519805 17.229648417439076 19.03428396357109 357712.81006524735 10647.265472667557 -605773.2443272272
449.25926799478475 3570.1494820163352 -6.130624571151436 -0.1795940148828663 11.119647960369125 12.698952019955376 357705.56743977894 10647.223356110515 -605758.9963604144
450.2792679957347 3559.1359864434926 -4.575432071805643 -0.02890849125230943 7.935620386961649 9.160212075630973 357700.273086133 10647.048375936274 -605749.6288277667
451.29926799668465 3550.184690474416 -4.342127605858934 -0.1870930134559785 7.417734173122845 8.59720048645841 357695.7535932405 10646.922571635814 -605741.903189071
452.3192679976346 3541.4361742675537 -4.341837976687785 -0.1085165092666216 7.399074214064662 8.579605589642702 357691.3381679993 10646.798346760166 -605734.3515920988
453.33926799858455 3532.669082517852 -4.332448051608068 -0.13547330658195733 7.401384400041152 8.577234412900893 357686.9029144668 10646.652985932007 -605726.7905004907
454.33926799951587 3524.0230423824396 -4.381144034826953 -0.1348760460684275 7.470499353804247 8.661464956743318 357682.5325493333 10646.52901300087 -605719.3313134469
455.3592680004658 3515.2977857136866 -4.299497879523869 -0.12462660669416437 7.336780624373489 8.504678932053142 357678.12102620705 10646.391545582283 -605711.8046602209
456.51926800154615 3505.3541463570436 -4.348795545961906 -0.13377162424444577 7.420016332795935 8.601544043193032 357673.09336574347 10646.24190261424 -605703.2269421407
457.5392680024961 3496.603738467209 -4.352749281323852 -0.12792994957288784 7.426192837243647 8.608782285201077 357668.669166209 10646.110355920879 -605695.6784580194
458.55926800344605 3487.8404351329664 -4.350999399712478 -0.12890488892401208 7.42351885993499 8.605605412200664 357664.2385174871 10645.978294625836 -605688.1188135883
459.579268004396 3479.057046114118 -4.354108168435928 -0.12773197604622055 7.429013249533046 8.611899399196597 357659.7976339188 10645.84814718713 -605680.5418503892
460.59926800534595 3470.257379862247 -4.357232840892159 -0.12615682248275562 7.434116000610555 8.617857870964336 357655.34850713046 10645.71813573225 -605672.9508469957
461.59926800627727 3461.6599172427086 -4.35059898226833 -0.12518566646133422 7.422002303830077 8.604039815903954 357651.00129267573 10645.592731526176 -605665.5344356844
462.6192680072272 3452.962225970463 -4.334169371750349 -0.12307178112132533 7.392224588549404 8.570014887611432 357646.6030137037 10645.466985721529 -605658.0317719782
463.61926800815854 3444.3734277187614 -4.349875673032763 -0.1220596054307066 7.419762577389349 8.601697136202109 357642.25976821 10645.344375996488 -605650.6230312327
464.6392680091085 3435.6005743228598 -4.349338792917926 -0.12029220712690858 7.417332448434134 8.599304553350239 357637.82277572533 10645.22080259984 -605643.0558915549
465.6392680100398 3427.0236714367056 -4.345914931416871 -0.11858860060965526 7.409702456823119 8.590967951631367 357633.4844612172 10645.101608341045 -605635.657995079
466.65926801098976 3418.2567092321115 -4.3516155115453685 -0.11685516159388953 7.418173279826114 8.601134082121934 357629.04928725475 10644.98162002525 -605628.0965609661
467.6792680119397 3409.455373620731 -4.339356634670132 -0.1145902164294057 7.394974731014695 8.574893479974133 357624.5958997398 10644.863100167462 -605620.5059326675
468.69926801288966 3400.754947761656 -4.343025328091294 -0.11300549837881135 7.398325468861739 8.579618813578758 357620.1920798253 10644.747469712935 -605613.0031869989
469.699268013821 3392.186335368897 -4.350599992538292 -0.11144644157832317 7.40781541527301 8.591616252555225 357615.85418408865 10644.635704017373 -605605.6145418102
470.71926801477093 3383.442008442362 -4.348382607076047 -0.10936898700049369 7.40114331741734 8.584714047526006 357611.4255409935 10644.523295055373 -605598.075408107
471.7392680157209 3374.7034685036633 -4.355195591837372 -0.10800380958755795 7.408061780594583 8.594112683177437 357606.9982180316 10644.412787666148 -605590.5421828348
472.75926801667083 3365.9499834290473 -4.332177502623324 -0.10572326000925614 7.36462845251339 8.544980489475234 357602.56138196995 10644.30381105166 -605582.9971899178
473.7792680176208 3357.2178083921317 -4.338351707800889 -0.10431108143910706 7.3701800454665864 8.552878477149301 357598.13304095773 10644.196374787361 -605575.4719044673
474.79926801857073 3348.488520113984 -4.3359011563697365 -0.10339506353983552 7.3599844848142695 8.542839164685216 357593.7038352573 10644.090312490938 -605567.9504583534
475.79926801950205 3339.9781268753577 -4.344420658349712 -0.10284939913003655 7.368597493664954 8.55457759794384 357589.38308942434 10643.987553006953 -605560.6191474226
476.819268020452 3331.2373901288956 -4.332279939504993 -0.10196425649826324 7.341485807649782 8.52504897626775 357584.94270808337 10643.883099454535 -605553.0909753097
477.83926802140195 3322.5515967217507 -4.371655608485391 -0.10257301907870442 7.401581695950448 8.596819504053427 357580.5272000669 10643.778891019752 -605545.6119259428
478.8592680223519 3313.7795428676764 -4.346500123927768 -0.10284968888953472 7.351787685178614 8.541160550753785 357576.0647690322 10643.674365986242 -605538.0604017862
479.87926802330185 3305.0726147989044 -4.342241625685141 -0.10285480849898931 7.337706302678839 8.526873707979782 357571.6323533113 10643.56905298298 -605530.566808737
480.8992680242518 3296.378631543368 -4.332731885721138 -0.10484274482632827 7.3148437730303755 8.50238184384403 357567.2034536268 10643.463042949883 -605523.0861866863
481.91926802520175 3287.691341819009 -4.38216759921513 -0.10733246478400815 7.391317429660095 8.593397842041565 357562.77498316445 10643.355180154156 -605515.6131180711
482.9392680261517 3278.9421349549666 -4.335071108723888 -0.10935066792501402 7.3062460899912764 8.49623628519011 357558.31183836743 10643.244508561536 -605508.0886595068
483.939268027083 3270.446103766444 -4.354855517228835 -0.11212918079081646 7.333426240843853 8.529740908082756 357553.9757110729 10643.133735499892 -605500.7832534029
485.0792680281447 3260.702487104223 -4.367706400016203 -0.11707538992249056 7.350739006992228 8.551253112414875 357548.9998450315 10643.003093095009 -605492.4069363986
486.89926802983973 3245.1580647035735 -4.395411019074807 -0.12521269896069498 7.391755042836568 8.600776642832034 357541.057625455 10642.783878317838 -605479.0463796747
487.9192680307897 3236.4273073018994 -4.325029263096525 -0.12783213753010614 7.273183309882082 8.462943615620635 357536.5953157265 10642.654449958365 -605471.5431861643
488.93926803173963 3227.7766025587916 -4.332317263945427 -0.13266447336400233 7.284742700772046 8.476676763592213 357532.17451129283 10642.52134100398 -605464.1085267656
489.9592680326896 3219.1170810909243 -4.339207047636911 -0.13774531152625968 7.30019185756154 8.493555953210475 357527.7496076934 10642.383348982785 -605456.6661334407
490.9792680336395 3210.4379829599056 -4.345803982524956 -0.14257063762624966 7.314588361690745 8.509379621466222 357523.3162524153 10642.240220383255 -605449.2060835105
491.9992680345895 3201.762601272785 -4.366243774788948 -0.14756081290852308 7.355229493994024 8.55483838559847 357518.8871892532 10642.09274105489 -605441.7478920541
493.0192680355394 3193.0492170706857 -4.351705191660429 -0.15067017398007465 7.338615190469508 8.53318888166911 357514.4415503762 10641.940413735025 -605434.2554351832
494.0392680364894 3184.3500943625113 -4.359534408781016 -0.15421311516388414 7.360249438506425 8.555851432982479 357510.0071759861 10641.785197568475 -605426.7729415888
495.0592680374393 3175.634688426857 -4.338992234937066 -0.15519972608785793 7.336383173688528 8.524872939874358 357505.568717663 10641.627077640167 -605419.2739981711
496.0792680383893 3166.936976725119 -4.332917705666944 -0.15629019656927312 7.336665332951473 8.52204556883837 357501.144131158 10641.468049873587 -605411.787430577
497.0992680393392 3158.251240570331 -4.30963228164763 -0.15492448183454144 7.308704644442248 8.48611192347725 357496.7306194868 10641.309034186332 -605404.3082322044
498.11926804028917 3149.573510236689 -4.30826551452779 -0.15371419637790495 7.317483594860022 8.4929586104539 357492.3261696674 10641.151248340499 -605396.8329596197
499.1392680412391 3140.9001361206174 -4.317065087453415 -0.15109558727624517 7.342774874784034 8.519168017333806 357487.9287096126 10640.99590257856 -605389.3585762358
500.15926804218907 3132.223457112792 -4.294917675774101 -0.14631523569727278 7.3138675195176575 8.482946662742217 357483.53391927306 10640.843934538398 -605381.8787184597
501.179268043139 3123.540054179495 -4.320953474211102 -0.14252104293103685 7.366039919000677 8.541047667721253 357479.1392449024 10640.696670103198 -605374.3908998958
502.19926804408897 3114.8792186613427 -4.261186227363787 -0.13434665008162483 7.267353150894831 8.42556697833944 357474.7585832488 10640.555342172498 -605366.9209136975
503.2192680450389 3106.244583323598 -4.276109328073055 -0.1288975992667929 7.296097817419181 8.457822943173916 357470.3924437081 10640.420731454371 -605359.4726646832
504.23926804598887 3097.578864831361 -4.298008726560077 -0.1227490822384425 7.331753634144185 8.499562206523548 357466.01070939045 10640.292255169155 -605351.9974145837
505.2592680469388 3088.893826321815 -4.312563748119743 -0.11678357720847998 7.3522868573522615 8.524550810353412 357461.6180255025 10640.170093581317 -605344.5060797118
506.27926804788876 3080.2185409488156 -4.296625477487801 -0.1107268124209213 7.317291460296367 8.486224439390718 357457.2274779308 10640.05423038405 -605337.0247005824
507.2992680488387 3071.572662901832 -4.307452142757349 -0.10638664898630168 7.325470602634084 8.49870470314645 357452.8477692046 10639.94386590043 -605329.5709800591
508.31926804978866 3062.939280395163 -4.284264803394663 -0.10279831599285671 7.273597131796041 8.442198033394435 357448.46932825586 10639.837606586887 -605322.1309519262
509.3392680507386 3054.26761250908 -4.322912126704985 -0.10130156702234672 7.325884894168954 8.506845522595732 357444.06557278393 10639.733281263327 -605314.6613709802
510.35926805168856 3045.5916993824067 -4.341069026354482 -0.1026800739191458 7.341926578230936 8.529906762051278 357439.6533476376 10639.62931594487 -605307.1918544124
511.3792680526385 3036.9269878502237 -4.337839801469933 -0.10494060308462849 7.323035890646203 8.512033912590157 357435.24057759624 10639.524164166998 -605299.7356907699
512.3992680535885 3028.317868838669 -4.295510113360216 -0.10825976522500014 7.2402915861714625 8.419320017883376 357430.8504948782 10639.415927346554 -605292.3307532666
513.4192680545384 3019.669453418581 -4.334049887150734 -0.11444928962299628 7.294769146289944 8.485914444647095 357426.4355402125 10639.302168505772 -605284.8949583819
514.4392680554884 3011.050875607645 -4.326484336160256 -0.12166624250193081 7.277424014739314 8.467240971881518 357422.032736809 10639.181914525867 -605277.486757688
515.4592680564383 3002.405197159387 -4.338841780446614 -0.12962914920876756 7.295952610890453 8.489598118428983 357417.61414756346 10639.05391231492 -605270.0565383235
516.0 2932.021177893621 -2.5094830109950834 -0.061733249519875244 4.211899864648032 4.9032047118584945 357380.78216876695 10637.903262304379 -605210.0775332983
517.0600000009872 2926.9115431782557 -2.5208670121495302 -0.06430521536151446 4.228062258259499 4.922947908863631 357378.16660645884 10637.838217901302 -605205.6885082023
518.0600000019185 2921.9793707461795 -2.530189323838968 -0.0670178459500903 4.24119429598278 4.9390361875999 357375.6409192695 10637.772017644955 -605201.4525482649
519.0800000028685 2916.913378635538 -2.5471101823804077 -0.07003582504847827 4.269245903436708 4.971834257292502 357373.0461404965 10637.701792882992 -605197.1020308809
520.1000000038184 2911.8889442370273 -2.5236569171797782 -0.07096492866463677 4.22809589101605 4.924497448507465 357370.4701487649 10637.630191015316 -605192.7887117668
521.1200000047684 2906.8936674260767 -2.5045371278651842 -0.07200878613997475 4.193620566335131 4.885114629619813 357367.8604032196 10637.555579351498 -605188.4157645185
522.1400000057183 2901.9065696035977 -2.496001779023743 -0.07333679535480542 4.180484400448627 4.869481798799223 357365.3551846136 10637.482791112972 -605184.2175179616
523.1600000066683 2896.9589246832766 -2.480282352970775 -0.0735598332772156 4.1558634717811 4.840290569337183 357362.8188783595 10637.407900976254 -605179.9700105985
524.1800000076182 2892.063564434764 -2.4602791806679107 -0.07362520662411498 4.122000648071321 4.8009669505818096 357360.3099564147 10637.332953619076 -605175.7670605775
525.3200000086799 2886.6025186777115 -2.453533796582242 -0.07411064160083924 4.10955372435896 4.7868311325513 357357.5118996778 10637.248786138607 -605171.0779832287
526.3400000096299 2881.7170607520966 -2.4455662494585653 -0.074220292371308 4.096743248662428 4.771751059909946 357355.00885844475 10637.173064397884 -605166.8830754457
527.3400000105612 2876.968876845436 -2.4457686483587295 -0.07415892362172372 4.099858079347193 4.774528259214272 357352.57549262635 10637.099055456234 -605162.8064330898
528.3600000115111 2872.0887588659534 -2.4419798682708134 -0.07472835448675141 4.087540944107449 4.762020681786152 357350.07601487346 10637.023081945492 -605158.6156276464
529.3800000124611 2867.235008622869 -2.4349105973428493 -0.07421167188391564 4.08088094214791 4.7526714859416 357347.58884895407 10636.947325872494 -605154.4481734331
530.400000013411 2862.4037901475094 -2.442050590884641 -0.07407409740102366 4.094275675813385 4.76782878991087 357345.11336116475 10636.871844457699 -605150.2999882965
531.4000000143424 2857.6406546711223 -2.438907035113523 -0.07454620516637078 4.083565900795264 4.757030074402387 357342.6737519694 10636.797682928158 -605146.2096696111
532.4200000152923 2852.7905337418197 -2.434704216741018 -0.07386523918734156 4.07940110129497 4.75128972404581 357340.18865681253 10636.722235845638 -605142.0452024955
533.4400000162423 2847.945256203413 -2.43084557656222 -0.07344922225121309 4.072779200136949 4.743620496878896 357337.70613908727 10636.647021459652 -605137.8848347402
534.4600000171922 2843.1069463265594 -2.434345296038451 -0.07338260521453321 4.078696986211167 4.75049377774781 357335.2273892111 10636.572264837338 -605133.7303267114
535.4800000181422 2838.2522061856 -2.421872360363743 -0.07293913099232441 4.055222460523645 4.7239406273850655 357332.74030062626 10636.497481512142 -605129.5616599943
536.5000000190921 2833.41945003008 -2.4155308625375795 -0.0722866417341379 4.046309710351373 4.713028429632963 357330.2642846645 10636.423342870785 -605125.4119771743
537.5800000200979 2828.314848668524 -2.4324762553101493 -0.07218294078478493 4.078834417307451 4.749635913772743 357327.648891318 10636.345370458675 -605121.0289256048
538.5800000210293 2823.56904342887 -2.414224852595261 -0.07161803066219363 4.040293705540655 4.707184297245646 357325.21741339663 10636.273226903988 -605116.9538983806
539.6400000220165 2818.560334930662 -2.4275735231160027 -0.07148374665138135 4.069609366813129 4.739192287154249 357322.6513295192 10636.19755475433 -605112.6530652649
540.6600000229664 2813.731623743195 -2.4110170771216275 -0.07053906891411543 4.0367173154032585 4.702453167325739 357320.17705365084 10636.124957250668 -605108.5070259155
541.6800000239164 2808.9171280399896 -2.4179228704958433 -0.07032073496935709 4.05142610484349 4.718617328883619 357317.7106587877 10636.053034948422 -605104.3728317363
542.7000000248663 2804.102582055144 -2.4108116295075916 -0.06961440718924905 4.039609174235494 4.704816804002567 357315.24392349675 10635.981547521664 -605100.2387725365
543.7200000258163 2799.2950185249792 -2.411223733663782 -0.06919715503397583 4.040034275544524 4.705386815940096 357312.7810411619 10635.91055600555 -605096.1105393185
544.7400000267662 2794.4798384726746 -2.4323902254655394 -0.06941707173308487 4.080855867456396 4.7512867256924824 357310.314489816 10635.83996503265 -605091.9756192908
545.7600000277162 2788.4799890164286 -5.245017940907623 -0.2673799394954699 8.730554243045297 10.188438674460562 357307.23967463075 10635.712813543392 -605086.8249221065
546.7800000286661 2772.313918473781 -10.09478703770418 -0.347172961123988 17.116551575255237 19.87464697120199 357299.16510555206 10635.42849652679 -605072.8216387649
547.8000000296161 2749.652165782405 -11.821402036032858 -0.09667462849631647 20.674303432406173 23.81557713968986 357287.22559002414 10634.903308080746 -605053.5603406853
548.820000030566 2724.4580353323836 -13.637557058642678 -0.7829010630097173 21.238615724142484 25.25222157514045 357274.36345701537 10634.68875043304 -605031.8971199928
549.8200000314973 2699.066163211013 -13.369442552891364 -0.29847016369734547 21.759696962938563 25.540467703873347 357261.4117249348 10634.589080022884 -605010.0551181397
550.8400000324473 2672.9356061989674 -12.950753589889693 0.15996279137658576 22.282137916944336 25.772878705926395 357247.857028052 10634.282202886654 -604987.7148540517
551.8600000333972 2646.795109588653 -13.016537645869143 -0.04659983041483429 21.99744542788063 25.560125766183347 357234.2484731206 10633.868151830746 -604965.3967325324
552.8600000343286 2621.01851245726 -13.485508152473727 -0.7190663014756069 21.8999613087417 25.729055400475485 357220.92729397654 10633.484477209164 -604943.3310373686
553.8600000352599 2595.308120415779 -13.293503624045272 -0.6213428618083299 21.897533238602065 25.62431008808056 357207.6696867723 10633.090735601498 -604921.3048745897
554.8800000362098 2568.879847640521 -13.246252015065835 -0.34230649096235766 22.213109289640826 25.86508438984722 357194.02721830725 10632.577819036556 -604898.674274343
555.8800000371411 2542.665073274635 -13.616411751125987 -0.48633129104649697 22.73245833964065 26.50297812066317 357180.55387004814 10632.061190771175 -604876.1918443977
556.9000000380911 2515.3094795641955 -13.778088436545573 -0.506960776682206 23.133441298244453 26.930444416936144 357166.54920480424 10631.593836950375 -604852.6972699933
557.9000000390224 2488.256499332376 -13.859151309360094 -0.41276734117553815 23.36931131013708 27.172985905192302 357152.7178889454 10631.137419866634 -604829.4516152228
558.9200000399724 2460.234219787293 -14.150170080808053 -0.4272595843045224 23.836901060775315 27.7237752885383 357138.42271394306 10630.68848721893 -604805.353931166
559.9400000409223 2431.9297463671537 -14.013500095856834 -0.40920935259816815 23.667158027020566 27.507817185425626 357123.99985514465 10630.27450864227 -604781.0032718775
560.9400000418536 2404.6918844247703 -13.729849995668715 -0.3700095789004081 23.211200806501253 26.970456630761124 357110.1190467359 10629.884364294125 -604757.5709439954
561.940000042785 2378.063557147747 -13.52502677909748 -0.3684766154622139 22.83775435233521 26.544776289301296 357096.56028303166 10629.512541936947 -604734.6560793723
562.9600000437349 2351.2378839494195 -13.215819459056839 -0.3582260846090435 22.345324433846276 25.963430704664727 357082.90317313303 10629.146712469174 -604711.5699726008
563.9800000446849 2324.6600365785416 -13.199996763207743 -0.34977120148192853 22.31861929241485 25.932277600739845 357069.36902441655 10628.783263372494 -604688.6990562506
565.0000000456348 2298.3108656256227 -13.093619616460714 -0.35132530877700674 22.117457091071657 25.70502309488455 357055.95404668775 10628.423884557797 -604666.023297366
566.0200000465848 2271.9579409759026 -13.160294266195706 -0.3542017578498644 22.24372892814793 25.84767457020172 357042.5355396337 10628.064604925228 -604643.3452610181
567.0200000475161 2245.872290698928 -13.322564388295753 -0.3585131507119854 22.511168087869702 26.160503478332423 357029.24958495866 10627.70658032806 -604620.8993600605
568.040000048466 2219.428753329441 -13.056018895272878 -0.3530999715306393 22.04887331029584 25.626882823259905 357015.78168451606 10627.343699621273 -604598.1453103676
569.060000049416 2192.919954033452 -13.295110476586807 -0.3605125907725437 22.45747217406161 26.10034460235162 357002.278037393 10626.977683233334 -604575.336624811
570.0600000503473 2166.7315668137744 -13.355321073310556 -0.3634878910253292 22.552667409958378 26.21296495481451 356988.9351642964 10626.615164922787 -604552.8050878767
571.0800000512972 2140.1069453353994 -13.308057083683764 -0.364479805423116 22.46556601379193 26.113959584697028 356975.36872065254 10626.24426190765 -604529.8990462321
572.0800000522286 2114.0059661066625 -13.21366859169423 -0.3642433875006077 22.307014775745653 25.929454662637998 356962.0681214109 10625.879164861752 -604507.4441131664
573.1000000531785 2087.371328600566 -13.368421804567092 -0.3686994403607855 22.566055042127044 26.231231023084955 356948.49412816495 10625.505000280453 -604484.530953629
574.1200000541285 2060.727088663494 -13.235477629196609 -0.36732832283024663 22.337438460489647 25.96678561443213 356934.91430407966 10625.128462957455 -604461.6101260261
575.1400000550784 2034.1922115612542 -13.25655640267233 -0.3705215405257718 22.373047162648533 26.008206651196115 356921.38947873854 10624.75224225433 -604438.78383712
576.1600000560284 2007.652726956294 -13.298843393205345 -0.3719221590237112 22.44184216431046 26.088960144421186 356907.8606046652 10624.373995946957 -604415.9546231437
577.1600000569597 1981.4632841245038 -13.17950223847221 -0.37153323587193654 22.238273088045016 25.853009614698998 356894.5112115833 10623.998744176937 -604393.4259340098
578.1800000579096 1961.383498516283 -6.30303852214405 -0.18469761641756577 10.657025067267504 12.382834534366925 356884.2762376624 10623.703746007992 -604376.1529181872
579.180000058841 1954.3618451970397 -1.9768472005968931 -0.0657398238978999 3.3174061924896883 3.8623089499576326 356880.7020566452 10623.599482702328 -604370.1099054163
580.2000000597909 1951.6571558329742 -1.1591945814273998 -0.02832651252413143 1.9823150820837476 2.2965425216135493 356879.334916863 10623.56024854095 -604367.7764910727
581.2200000607409 1949.3304134384962 -1.184469636651393 -0.041937047398846516 1.9817347535894498 2.3091123120536716 356878.1468560055 10623.519606756283 -604365.7763272693
582.735942444182 1945.8502519804752 -1.1542512417136308 -0.04603975160995333 1.9597343008408252 2.274856944429219 356876.38173634064 10623.47322385223 -604362.7773625834
584.7759424460819 1941.1811907689553 -1.149174327713041 -0.04410142146605267 1.9540027875753374 2.2673053311590468 356874.00678837596 10623.403109716488 -604358.7580540805
586.7759424479445 1936.5882917984854 -1.1545006189969698 -0.03363832374316189 1.9367793137997253 2.255020471404012 356871.67204782175 10623.334796117855 -604354.8034311727
588.8159424498444 1931.927448166418 -1.1508090019131174 -0.022904558663867647 1.9235161908804912 2.2416066814388396 356869.3020410462 10623.260073827816 -604350.7908303243
590.8559424517443 1927.2471682508476 -1.1589176896982067 -0.02629550128045821 1.93858821409912 2.2587398984227987 356866.92213932716 10623.186904119564 -604346.7614706
592.855942453607 1922.651341071818 -1.1630071335787306 -0.028575824261736216 1.973529677893282 2.2908997271842377 356864.58649502456 10623.118109869076 -604342.8039887948
594.8959424555069 1917.9628068708116 -1.1593210500401767 -0.022667848617174968 1.9915717724593982 2.304538403516908 356862.2022454253 10623.048045324398 -604338.7675548538
596.9359424574068 1913.3105305914069 -1.144498166556211 -0.028637962109314685 1.9659628245744862 2.2750178051464114 356859.8355950623 10622.975699590756 -604334.7628809429
598.9759424593067 1908.626488942653 -1.1514935117815668 -0.0347922496719093 2.000562046094995 2.308548528532175 356857.455491047 10622.906466650082 -604330.7292023551
600.9759424611693 1904.074394001742 -1.139964462835934 -0.03244814683574759 1.988777579356654 2.2925549325836463 356855.14089147275 10622.83926694305 -604326.8100590411
603.0159424630692 1899.4312663124874 -1.1277793084884138 -0.026188571999455235 1.9626759844501827 2.2637731842866833 356852.7789098142 10622.770808385922 -604322.813185692
605.1359424650436 1894.5697094214847 -1.1593029631383232 -0.02800141792630484 1.986793908334004 2.3004602743669116 356850.3039430729 10622.694514440609 -604318.6294700531
607.1759424669435 1889.886390874046 -1.16656506247962 -0.028014540090225637 1.979279256679753 2.2976521136536974 356847.9197915128 10622.624350713802 -604314.5990377592
609.1759424688062 1885.331154205487 -1.1653571767422335 -0.019820621684232265 1.9692127287072303 2.2882851608423183 356845.60634692723 10622.557192968441 -604310.6755626816
611.2159424707061 1880.6651584487408 -1.1706683176573733 -0.019281807911056603 1.9640323322488555 2.286538672360899 356843.2307096223 10622.48432843597 -604306.6602699972
613.2159424725687 1876.0990098064067 -1.177387831913613 -0.025129199110665468 1.9574107193348702 2.284366500269437 356840.90609938337 10622.413294958187 -604302.7307824993
615.2159424744314 1871.5412040194497 -1.1825883008918723 -0.022766139991063028 1.968615379202344 2.2966235864347486 356838.5972424327 10622.346129583431 -604298.8016146166
617.7380518509308 1865.7529094209895 -1.1689164911404362 -0.030103972614540453 1.9377122124243513 2.26318373770353 356835.6534433192 10622.260867284847 -604293.8185294097
620.7980518537806 1858.7536040183622 -1.1355039052383091 -0.017348198697050066 1.9632278488253192 2.2680241765053504 356832.0984289351 10622.151728796078 -604287.7902407424
623.7980518565746 1851.8965640378883 -1.1947795990378722 -0.041218436269844005 1.9654792869640652 2.3005012665178866 356828.61455170193 10622.051688360287 -604281.885021866
626.7980518593686 1845.0856448269915 -1.1498263561388882 -0.03057502763448383 1.9538324408353311 2.2672663470459375 356825.1444095869 10621.945212530209 -604276.0253731518
629.8580518622184 1838.1059142772574 -1.1550423054227963 -0.042741832315755346 1.9976093216081239 2.3078978732434816 356821.60688038036 10621.842082189632 -604270.009389366
632.9180518650683 1831.1377474850742 -1.1957148762282301 -0.049017829310059824 1.9450701422356858 2.2837326181145885 356818.05593485 10621.732230352474 -604264.0148769661
635.9780518679181 1824.161396306008 -1.1268846275680175 -0.029486470406823173 1.9904630675393946 2.28750554950682 356814.51130582124 10621.628195928646 -604258.0070265379
639.038051870768 1817.2034121523611 -1.191270036052444 -0.040941123023173986 1.963563514042356 2.2970376897276097 356810.97609587555 10621.524443792416 -604252.014941823
642.0980518736178 1810.2001356187975 -1.1655509643908317 -0.03290314385918691 1.9704700046881491 2.2896164977663687 356807.40611938236 10621.418894933773 -604245.9908128591
645.0980518764118 1803.3651855866192 -1.138753195360799 -0.04989219107477538 1.9837644834936583 2.28791817962215 356803.94681704487 10621.311949895931 -604240.0968605578
648.6980518797645 1795.1877195712877 -1.1410520554285242 -0.03291554297152288 1.9738087087122018 2.280132462107169 356799.7736347237 10621.196311163021 -604233.0653228752
651.6980518825585 1788.3188322843052 -1.1603373695243988 -0.03628892048425314 1.9645038856838077 2.2818797544418272 356796.29395968304 10621.081362890316 -604227.144124428
654.7580518854083 1781.3418483211426 -1.1748982648924766 -0.023430680104411294 1.9358831307831679 2.2646364886374917 356792.74032639724 10620.982600378109 -604221.1407633902
657.8180518882582 1774.385047127842 -1.1327852979284998 -0.043880364914571146 1.972539454009656 2.275091188337889 356789.2047319375 10620.879080938412 -604215.1502756069
660.8180518910522 1767.5480837284122 -1.1705944268829214 -0.031592522121513866 1.9550517676673316 2.2789288742658274 356785.7325833329 10620.76594083221 -604209.2616794718
663.878051893902 1760.5653393588727 -1.1592628767166318 -0.02194176105626866 1.9729139665339481 2.2883971197229487 356782.1770799401 10620.669516729427 -604203.2526911217
666.9380518967519 1753.5712013375014 -1.1589731073347664 -0.050229502976549156 1.9938263118356048 2.306747716648365 356778.6273497852 10620.559615301205 -604197.2272972557
669.9980518996017 1746.6397053378168 -1.1741806270723671 -0.03422633639166861 1.9335177052971702 2.2623797876997767 356775.0950497104 10620.452010320736 -604191.264327034
673.0580519024516 1739.6828372922027 -1.1483027377113615 -0.04403552695242752 1.9545426779544641 2.2673278071365845 356771.5615306119 10620.351050542904 -604185.272491109
676.0580519052455 1732.8270629325416 -1.1766942839728713 -0.038809039747263796 1.9699989040298398 2.294997006834498 356768.0763825608 10620.244074987484 -604179.3696145298
679.1180519080954 1725.8375205444172 -1.1523040997862068 -0.00947248783086252 1.9700658601668835 2.2823351988270453 356764.52315689024 10620.14770810516 -604173.3513845212
682.1780519109452 1718.9151741457172 -1.1637258910603308 -0.0679474814616583 1.9683136411067004 2.2876042926012925 356761.00862475456 10620.030219244076 -604167.3887230012
685.2380519137951 1711.9865289620357 -1.155265478731991 -0.014898300706192913 1.9739483385671157 2.2872106000641184 356757.4838115636 10619.927500890804 -604161.424556997
688.2980519166449 1705.0217869284097 -1.1610695599505547 -0.04323349938698584 1.963822287067213 2.2817865004629416 356753.94249134196 10619.82565228851 -604155.4281979043
691.3580519194948 1698.0659326096065 -1.1526416100737649 -0.03278441768657103 1.9424159128070073 2.2589017414757926 356750.39571201376 10619.713908361507 -604149.4455591192
694.4180519223446 1691.1634042329388 -1.1161566489355508 -0.03077533261972576 1.905858639265979 2.208857156749993 356746.90403320437 10619.626483129574 -604143.4918921733
697.4180519251386 1684.4007932947716 -1.170150690286981 -0.0425728070781588 1.9539094276313342 2.2778997197568245 356743.4468547398 10619.509745763851 -604137.6808771361
700.4180519279325 1677.587919833837 -1.130332887351308 -0.02453647110911561 1.946734890753305 2.2512288221144283 356739.9995421378 10619.414382146908 -604131.8052824663
703.4780519307824 1670.6560515699675 -1.165309209123322 -0.04277641960885603 1.93152808935789 2.256230514579731 356736.47230402543 10619.297282384945 -604125.839057682
706.5380519336322 1663.7545249427203 -1.1056308106355388 -0.015770149957063495 1.9203387666062781 2.215935280098945 356732.9512649661 10619.204150365902 -604119.9039917815
709.5380519364262 1656.9786367043853 -1.1744109937385616 -0.044081997196997236 1.974492202964889 2.297782379656527 356729.52419967373 10619.095454382015 -604114.0596324453
712.598051939276 1650.0517146695638 -1.1224489800754824 -0.013139185342311066 1.9178234050671747 2.2221860777368314 356725.9843076593 10618.992869543148 -604108.1063695196
715.6580519421259 1643.1193367353408 -1.1325130109487773 -0.041980551563085555 1.9352107221612336 2.24262984592768 356722.4752987734 10618.894900487972 -604102.1284521291
718.6580519449199 1636.35947712895 -1.1477173490807786 -0.021570977440262595 1.8972716964720746 2.217512189522926 356719.03313237673 10618.77933423431 -604096.3117474497
722.0180519480491 1628.7480227246415 -1.1517016097755715 -0.058401968990779096 1.9598296658353895 2.2739304534286218 356715.16391802265 10618.67269437225 -604089.7579607555
725.0180519508431 1621.962379880948 -1.1777533183248678 -0.019540966498084344 1.9561010454675625 2.283378205264342 356711.7102272584 10618.564429449154 -604083.9179865635
728.0780519536929 1614.9962757106405 -1.1472597681858119 -0.03592676882703927 1.9635602466647875 2.2744371942743102 356708.1709247532 10618.469836401058 -604077.9187263973
731.0780519564869 1608.2240923561621 -1.16756860014695 -0.054459415615156104 1.9501275908297337 2.2735830498386536 356704.7292760149 10618.359751867367 -604072.0873060888
734.3519191455562 1600.8228277766611 -1.155318763978201 -0.03060737486276821 1.973435908468236 2.286951582921676 356700.96444541664 10618.24101178558 -604065.7162214543
738.4319191434188 1591.540769231622 -1.1476608332672242 -0.03493106716393868 1.9392451643154658 2.2536675386999185 356696.2446203646 10618.10787885101 -604057.7248390641
742.4319191413233 1582.4810156336753 -1.1480545850096036 -0.034252572189643615 1.9492603350243094 2.2624805905382397 356691.63961734046 10617.979342626644 -604049.9237727168
746.5119191391859 1573.2682224428281 -1.1668242051527926 -0.022225800621015424 1.9683707785052 2.2883304467704964 356686.96227692463 10617.832202123715 -604041.9879986051
750.5919191370485 1563.9858140517026 -1.1458247508028379 -0.030065412195199315 1.9537376224248888 2.265150985219597 356682.2398852034 10617.69120709808 -604033.9978636997
754.5919191349531 1554.9218365106499 -1.1325375269878037 -0.03103726823621855 1.9359707154521075 2.24311996405528 356677.6234953277 10617.551184820248 -604026.1988172331
758.6719191328157 1545.7117862976156 -1.151339150852948 -0.05783280044659023 1.9198655639818512 2.239377202897635 356672.9467055377 10617.424197362972 -604018.2655495983
762.6719191307202 1536.6479039813858 -1.1496215569628134 -0.020421072335466306 1.934793217893116 2.250660245446685 356668.3399819805 10617.28276746185 -604010.4609305115
766.7519191285828 1527.4321664075833 -1.1427942948966958 -0.021825142586521906 1.9104042035649904 2.2262298529792792 356663.6569605367 10617.13450925262 -604002.5251108994
770.7519191264873 1518.3813986888854 -1.0964441258645294 -0.04000712459884426 1.9257598564996066 2.2163802282250407 356659.04957083747 10616.996668981625 -603994.7360542095
774.83191912435 1509.1682672786992 -1.1325047875617642 -0.04730936249688966 1.928981431995556 2.2373588524449546 356654.36559425085 10616.861201452328 -603986.8036007416
778.9119191222126 1499.955019774614 -1.145695144873386 -0.04904659760978802 1.9332354866971144 2.247759413448996 356649.6840522903 10616.728545354916 -603978.8695253681
783.7919191196561 1488.9375985846855 -1.1437253773950644 -0.06656078983229463 1.9646742855912187 2.2743093734371205 356644.0830511274 10616.562407659603 -603969.3834959316
787.8719191175187 1479.7407793547027 -1.1493121132244966 -0.02877480982454017 1.9367458369277024 2.2522723547878893 356639.40709409845 10616.422686742855 -603961.4653276954
791.8719191154232 1470.7106404023943 -1.1311505135846645 -0.019443928934606447 1.9071663735408677 2.2174677285408886 356634.8166431609 10616.280612157894 -603953.6903026705
795.9519191132858 1461.5009218079504 -1.149965995694103 -0.021703246158097045 1.9644061134575246 2.2763532680003395 356630.13375982695 10616.138201879574 -603945.7612895401
800.0319191111485 1452.329835255514 -1.1441964513348282 -0.05060528626853511 1.9366168594067972 2.2499402824039976 356625.4708505516 10615.997172521664 -603937.8653271904
804.1119191090111 1443.1517054551514 -1.1587939407021892 -0.056468260745418775 1.9431098593650162 2.2631102463294304 356620.80602061667 10615.863921331478 -603929.9621817846
808.1919191068737 1433.9744898899226 -1.1563325704227694 -0.030267271326692935 1.9486886346511554 2.2661439751155874 356616.13875894883 10615.728270696713 -603922.0615763465
812.1919191047782 1424.956850966788 -1.1430667310167522 -0.03412059505387788 1.9486023223275772 2.259384158823944 356611.5594410533 10615.588908361507 -603914.2944479203
816.2719191026408 1415.7646606573835 -1.1391700440278 -0.04488653606301796 1.9523820695754637 2.2608668549761632 356606.8869193908 10615.448191808773 -603906.3796449269
820.3519191005034 1406.5737727688393 -1.1379560981316459 -0.03601905171905173 1.9460183832589202 2.2546017389648667 356602.21360723994 10615.314479040218 -603898.4666983201
824.431919098366 1397.394197891932 -1.1322753574404132 -0.027230609352045576 1.9518615919193785 2.2566684880953494 356597.54308665893 10615.178431676937 -603890.5652839885
828.5119190962287 1388.2385332066333 -1.1432005227604947 -0.022560223738821605 1.9552309049230168 2.265026333290872 356592.8882884603 10615.040545629574 -603882.6823887425
832.5119190941332 1379.2269652188988 -1.1436546831158196 -0.023436694145345882 1.957244223446974 2.267002484132242 356588.2990295162 10614.894705938412 -603874.9282955423
836.5919190919958 1370.0406600658316 -1.130050487328056 -0.03097027881409531 1.905521590180527 2.2156231161288065 356583.63059760653 10614.75780789764 -603867.0178458266
840.5919190899003 1361.0212241541594 -1.1346389121777776 -0.03406724234298508 1.9145668210438984 2.2257879841240418 356579.0479608538 10614.622248815609 -603859.2505231948
844.671919087763 1351.8392489127582 -1.1352126490617778 -0.02605654883728903 1.8917955974785876 2.2064172961990973 356574.384916664 10614.480403112484 -603851.3420080371
849.3919190852903 1341.2009392773034 -1.154839924940319 -0.0312241367180377 1.9446271614202892 2.2619029589890634 356568.97429828637 10614.322947668148 -603842.1837294728
853.4719190831529 1332.0279749879846 -1.1495108798242484 -0.030740952494056728 1.9428297083452009 2.2576331731756727 356564.31442584086 10614.183077978207 -603834.283772565
857.5519190810155 1322.8726481188787 -1.1455324887534033 -0.03786996323879066 1.9221196318352618 2.2379058729070342 356559.6634811921 10614.044593023373 -603826.3990046858
861.6319190788781 1313.7076826466946 -1.131151861733919 -0.032687243093789675 1.949937004608465 2.254512655122303 356554.99955568556 10613.907420324398 -603818.5106840455
865.7119190767407 1304.5489003214752 -1.1216850201875985 -0.04084127182665043 1.9331878211300477 2.2354105765525967 356550.3396548602 10613.771128820492 -603810.6271528453
869.7919190746034 1295.400081576663 -1.09894825160886 -0.03086919014998557 1.9280893000056487 2.2194973564775786 356545.6838758484 10613.630442785336 -603802.7528373038
873.871919072466 1286.2264558268944 -1.1433922095795808 -0.034561109863147976 1.9017518006258243 2.2192791907341927 356541.01861108444 10613.491439031674 -603794.8552810774
877.8719190703705 1277.251045419369 -1.1400965461340107 -0.05230698900783182 1.8909275387829716 2.2086564043629764 356536.4605546787 10613.3537055722 -603787.124616021
881.9519190682331 1268.115334213362 -1.130559454662432 -0.03730659129439573 1.8775646498913119 2.191986650689759 356531.8192943974 10613.21570508392 -603779.2569038987
886.0319190660957 1258.971726480755 -1.1317488599721415 -0.04161914683629675 1.9450916793784359 2.250770818323991 356527.17624238 10613.078105138851 -603771.3810712217
890.1119190639583 1249.8466906277463 -1.1031862692305978 -0.019037552431655058 1.9354987554235876 2.2278998642820036 356522.5366095905 10612.9439689389 -603763.524729181
894.191919061821 1240.7386043183506 -1.1176246559488092 -0.026161705790002543 1.9457451399507484 2.244035083521756 356517.9001060567 10612.804549383236 -603755.6863184762
898.5919190595159 1230.8396888003917 -1.1251863367387998 -0.034969877385776726 1.9580436709078803 2.258584114415592 356512.8646813905 10612.651889013363 -603747.1651835819
902.6719190573785 1221.7289270265028 -1.1113380118612426 -0.03502503255708689 1.948951824192207 2.243816423537241 356508.22597914224 10612.5177680722 -603739.3248706228
906.7519190552412 1212.5896960407263 -1.149344547592527 -0.03588176430650947 1.9511584471699948 2.2647957250165507 356503.58138028154 10612.379210638119 -603731.4550516236
910.7519190531457 1203.6152065010974 -1.1549170101263542 -0.025165585338299934 1.9014020504632612 2.2248137819760356 356499.022748616 10612.240504430843 -603723.7258129125
914.8319190510083 1194.4932158653392 -1.1656065583894275 -0.020541312917259802 1.9246050354383009 2.250147803352321 356494.38888537255 10612.097296880795 -603715.8697603208
918.8319190489128 1185.546283632866 -1.1289040765132512 -0.043747298060679896 1.912313784577858 2.22109933383051 356489.84099600086 10611.960883306576 -603708.1661448136
922.9119190467754 1176.3775736752432 -1.1364383635729283 -0.048071057068057144 1.9604222329573027 2.266507955468335 356485.18045457965 10611.826090978695 -603700.2714349412
926.991919044638 1167.295095266425 -1.1194427189344367 -0.04007903135368451 1.928790970918147 2.2304692195197275 356480.55812355166 10611.689917730404 -603692.4543409696
931.0719190425007 1158.1591484331293 -1.1275507708402301 -0.03144936654371122 1.9311072742923692 2.2364112118086203 356475.9166640884 10611.553954290463 -603684.5864369841
935.1519190403633 1148.9961353841936 -1.1314657780979474 -0.009373780917371732 1.9315935324034434 2.2386058717867896 356471.2554171724 10611.42004315765 -603676.6987449736
939.2319190382259 1139.927605302888 -1.1361084604797114 -0.0009169826391257629 1.932578056713755 2.241785275204174 356466.6475885583 10611.275523351742 -603668.889434524
943.3119190360885 1130.847630332457 -1.1450719516742964 -0.022829770987300435 1.9447342897369495 2.2569232221396436 356462.02810000617 10611.138224767757 -603661.073589505
947.3919190339511 1121.713410864002 -1.12871295055902 -0.030065253473765097 1.906672982968196 2.215919382154263 356457.3770800143 10610.991728948666 -603653.213522425
951.3919190318557 1112.8621126795188 -1.147722613537411 -0.046392014465141074 1.9155117062416593 2.2335184157244177 356452.8757873796 10610.858081029965 -603645.5934184596
955.4719190297183 1103.7941582965432 -1.1488435852443857 -0.03983704264976495 1.9251123430350283 2.2422056343319783 356448.26674436714 10610.721114324642 -603637.7853609975
959.4719190276228 1094.8736890562577 -1.1451881909401251 -0.04531869153657908 1.8993366620797367 2.218330347894898 356443.74366041063 10610.58452527435 -603630.0978367939
963.5519190254854 1085.8360596910352 -1.1512371264472137 -0.0498470500463668 1.9128953572948149 2.2331592638387483 356439.1541632423 10610.45455853851 -603622.3133358886
967.631919023348 1076.7602848866954 -1.1352204503410732 -0.04510429017250317 1.8896989636419583 2.204931300756113 356434.5394673234 10610.316085027767 -603614.4995598147
971.7119190212106 1067.6880973542575 -1.1139940680170994 -0.042872419460991296 1.897013982977409 2.200336992267216 356429.9245521888 10610.18732755096 -603606.689908888
975.7919190190732 1058.6424452657811 -1.1249763771934767 -0.04782375631020841 1.9440726578604632 2.2466146665486773 356425.32068377826 10610.050128149105 -603598.9047032334
979.8719190169359 1049.5638226454612 -1.097050889947063 -0.043488275318168235 1.9018165264010847 2.1959776832463667 356420.7060171446 10609.913775610043 -603591.0875649472
983.9519190147985 1040.4563013758743 -1.1246647572712902 -0.030357690854714292 1.9213712634755318 2.2265354112952442 356416.07188118965 10609.775756048275 -603583.2483878512
988.0319190126611 1031.4017970294226 -1.1176696457095758 -0.023078573855570994 1.9135786858789068 2.216190750942215 356411.4695241609 10609.629157232357 -603575.4521733652
992.1119190105237 1022.3217328602914 -1.142224047280564 -0.03787964693782442 1.919514557565254 2.233975554598362 356406.8513347929 10609.496138738705 -603567.6353823412
996.1119190084282 1013.3631374954712 -1.1410428233026622 -0.028942491094539946 1.9336589006962335 2.245407120466806 356402.3025321087 10609.36255185516 -603559.9187101449
1000.1919190062908 1004.3328897743486 -1.1271083562837276 -0.014229100217221458 1.9185645736577435 2.2251889217304934 356397.71183282917 10609.227236913754 -603552.1435866139
1004.2719190041535 998.0338220798876 -0.8352700815498153 -1.3320190020725136 -0.3056435619520421 1.6016768456768118 356394.5857910357 10609.446208166195 -603546.66952309
1008.3519190020161 997.6526706150034 -0.43850877223727736 0.02325018422885705 -0.1894192734125859 0.4782365267687864 356394.8882174388 10612.552313970638 -603545.9936372495
1009.9519190011779 997.5541738466127 0.02769154148575126 -0.029346379333446748 0.027647846531607456 0.04891252260592324 356394.4458737838 10612.585963415218 -603546.1398494757
